,Topic 0,Topic 1,Topic 2,Topic 3,Topic 4,Topic 5,Topic 6,Topic 7,Topic 8,Topic 9,Class,Entity,Book
0,5.47438490830788,23.2958969645,5.62213822193328,17.8914967539175,5.12015680338359,5.2278279741382,5.34866476013968,19.5196990334657,7.04427499798299,5.45545958223115,0,wizarding,Harry Potter and the Order of the Phoenix - J. K. Rowling
1,5.36060550532829,23.8408764513852,5.16481508086869,12.363342209984,4.90533554925924,4.11260661747858,5.19807568615482,23.3829489217571,10.7700897296659,4.90130424811817,2,creatures,Harry Potter and the Prisoner of Azkaban - J. K. Rowling
2,4.94531895109614,22.5900363752754,4.84064219161806,12.6109990494832,5.02015760664833,4.9277963791401,5.42527515391619,25.771862842359,8.69753333636243,5.17037811410109,2,cooperation,Harry Potter and the Order of the Phoenix - J. K. Rowling
3,5.01233293913995,26.8722976966199,4.88281031046658,13.0461837174693,5.03106257253939,4.648109129565,5.17830507879202,24.6627100256081,6.05125552856639,4.61493300123329,4,rubeus,Harry Potter and the Deathly Hallows - J. K. Rowling
4,5.54423464553521,25.46065894279,5.43775776878931,15.5112260690218,5.11581711584129,5.25581101915856,5.55189938525921,19.8946260704202,6.67023505990364,5.55773392328076,0,scrimgeour,Harry Potter and the Half-Blood Prince - J. K. Rowling
5,5.64818140029915,19.2986946468018,5.44124807030991,18.960254596807,5.88340164118666,6.53393864078381,5.65962210821534,19.710304356571,7.17736200836317,5.68699253066203,9,west,Harry Potter and the Sorcerer's Stone - J. K. Rowling
6,4.96289867217411,18.4379536713669,4.45306713547661,23.1333633459821,5.81143049199576,6.85107450175755,5.67947813155995,17.893503357015,7.57693700412095,5.20029368855119,3,adrian,Harry Potter and the Sorcerer's Stone - J. K. Rowling
7,6.4305470411412,18.6730025212308,5.7206734173066,18.0649523301748,6.05654437875242,6.01008797571982,6.04592651358511,15.4749970902923,11.0079750608249,6.51529367097203,3,weasleys,Harry Potter and the Sorcerer's Stone - J. K. Rowling
8,5.72179680200135,22.2761464742447,5.74717361186358,19.1680115085353,6.59479151824942,5.77296988700913,6.47265705190654,15.2323324182194,6.99247923695271,6.02164149101797,3,avery,Harry Potter and the Deathly Hallows - J. K. Rowling
9,6.47472917558679,15.0077953313408,5.94565695632575,24.8509283951539,6.30925074640943,5.48784373183213,6.33326569354692,16.9860837283404,6.92146244112389,5.68298380033993,9,stanley,Harry Potter and the Deathly Hallows - J. K. Rowling
10,4.96289867217411,18.4379536713669,4.45306713547661,23.1333633459821,5.81143049199576,6.85107450175755,5.67947813155995,17.893503357015,7.57693700412095,5.20029368855119,3,pucey,Harry Potter and the Sorcerer's Stone - J. K. Rowling
11,6.09560985622099,24.3759065020135,5.71978603074142,16.9570998051331,5.33304906269614,5.55515968861291,5.29950270268968,17.9281752069741,6.68000087703864,6.05571026787954,0,gran,Harry Potter and the Deathly Hallows - J. K. Rowling
12,5.97785331101734,26.2999466965476,5.85309680725807,17.2384760005167,5.61424544916125,6.85405179450282,5.22421090299226,13.763698035608,6.92977483985496,6.244646162541,7,quentin,Harry Potter and the Sorcerer's Stone - J. K. Rowling
13,5.20841339892716,20.6275176780352,5.43013936519924,18.7534201474995,5.24931639002803,5.63887260391036,5.44642132540377,19.9996045332422,8.15990119537852,5.48639336237597,0,slytherin,Harry Potter and the Sorcerer's Stone - J. K. Rowling
14,5.57999771945888,20.6111706595152,5.52475661405027,21.7517164698212,5.27225800548306,5.48377016074172,5.491305216416,17.446500317926,7.28975616156202,5.54876867502569,3,hagrid,Harry Potter and the Sorcerer's Stone - J. K. Rowling
15,5.52463938427195,12.1150296020884,5.17065454900524,23.1609781937599,5.6190983900384,5.77866990249179,5.91861345122769,22.5914610610678,7.99393971945425,6.12691574659455,9,express,Harry Potter and the Sorcerer's Stone - J. K. Rowling
16,5.30794722418242,30.7667753523975,4.82644949140189,11.5424602667259,4.2713038978314,4.73393627249974,4.88330299071306,23.8665513203998,5.0119475616787,4.78932562216956,4,castle,Harry Potter and the Order of the Phoenix - J. K. Rowling
17,5.3020888470191,27.0352687899243,4.59263133941334,18.4751869920977,4.93240021151404,5.53790944684917,5.25069246556731,17.2077271721024,6.73917425456257,4.92692048095007,0,granddad,Harry Potter and the Deathly Hallows - J. K. Rowling
18,5.53302093127307,18.3745136827295,4.7577963166552,19.6837436271733,4.39645262347435,5.14620375830014,5.08047502694332,23.1163695195061,8.76473539789449,5.14668911605048,9,eton,Harry Potter and the Chamber of Secrets - J. K. Rowling
19,6.54880309643756,21.4077831381731,5.70466992568964,17.7980274259613,5.73702164758273,5.46307510361759,5.85098857312279,18.4949669110734,7.70222029259459,5.29244388574733,0,shield,Harry Potter and the Deathly Hallows - J. K. Rowling
20,5.32573398385769,32.8612310299703,5.08260156952216,9.01106969610656,4.3355728423116,4.71513426885029,4.49051726928988,22.2807199577391,5.99810258072126,5.89931680163123,4,midgen,Harry Potter and the Goblet of Fire - J. K. Rowling
21,8.09587347831383,22.4757334725319,6.25616411794255,17.0690074874396,6.02638072991525,6.21597703183028,5.85691656645739,13.5220060844745,8.13376205850035,6.34817897259434,3,wimbledon,Harry Potter and the Order of the Phoenix - J. K. Rowling
22,5.15581399858431,25.3205236180295,5.20018482656053,17.0963175672181,4.9210331822333,5.08375685337062,5.47895269893616,18.1847185261577,8.3649012128175,5.19379751609222,0,screechsnap,Harry Potter and the Order of the Phoenix - J. K. Rowling
23,4.39120870586529,21.9785813411671,4.92468107275121,17.0206147655553,4.80048493985981,5.3682871889596,4.76681811490467,25.6588717531395,6.59955746366156,4.49089465413602,2,grindelwald,Harry Potter and the Sorcerer's Stone - J. K. Rowling
24,4.90706347951697,21.7190416117868,4.928816456643,24.5747159562025,4.61703920488872,4.60725633960142,6.00584723589122,17.1108951831586,6.96870111815321,4.56062341415751,3,spinnet,Harry Potter and the Goblet of Fire - J. K. Rowling
25,6.24967975143021,19.4130891942208,6.44264338638698,18.1452830463255,6.15973396200235,5.96318061089448,5.96229166658859,18.544018691235,7.30605157104157,5.81402811987444,9,chang,Harry Potter and the Deathly Hallows - J. K. Rowling
26,3.66757503949704,22.5790586094545,3.95234023520281,15.8764700464639,3.56487496222769,3.75561458958511,3.42293732514794,34.5708828140389,4.71115516795071,3.89909121043132,8,doris,Harry Potter and the Order of the Phoenix - J. K. Rowling
27,5.50954422519856,22.8099722895389,5.5583333735256,19.2813469860159,5.15366002914903,5.68561349257723,5.48753330168811,17.1123851719397,7.88711471537846,5.51449641498856,0,catherine,Harry Potter and the Order of the Phoenix - J. K. Rowling
28,5.05738064318017,9.97879860832618,6.28355192261682,40.5310055337062,4.37033935219349,4.98809679942333,6.0240876550885,11.3396902681559,6.60101656455154,4.82603265275785,6,malkin,Harry Potter and the Deathly Hallows - J. K. Rowling
29,5.59034696073518,23.6011565928649,5.48436530997617,20.4957776372349,5.21892943079557,6.01423755576337,6.14940403786246,15.4507189931083,6.73109956844941,5.26396391320971,3,caps,Harry Potter and the Prisoner of Azkaban - J. K. Rowling
30,3.2195975306158,27.4097706054885,2.75972053125069,24.9947211077838,2.32812764023428,2.9295737780196,2.90146994918034,27.5185464985999,3.01454589977332,2.92392645905379,4,tibbies,Harry Potter and the Sorcerer's Stone - J. K. Rowling
31,5.37351343945154,22.1569609230325,5.73404732394147,17.592904396238,4.7633162757851,4.64867485678983,5.42575627687648,17.0771136738328,12.1646796193712,5.063033214681,0,abercrombie,Harry Potter and the Order of the Phoenix - J. K. Rowling
32,5.50920905643511,23.5332333365908,5.73148758940269,12.9525167630013,5.35480350783083,5.47800307383985,5.63366438558304,22.9882841127412,7.29661591757111,5.52218225700418,2,slinkhard,Harry Potter and the Order of the Phoenix - J. K. Rowling
33,5.68763282586055,27.6197971347285,5.70455436253222,14.2943554818338,5.34864895253748,5.40919772795142,5.7796249134169,17.8153889981798,6.63707176399729,5.7037278389621,4,department,Harry Potter and the Half-Blood Prince - J. K. Rowling
34,5.77919874703737,21.5596209710359,5.67200863174658,16.967451471293,5.51978413846074,5.37374752316132,5.72115655014349,19.7238985656317,7.93489985890249,5.74823354258747,0,cleansweep,Harry Potter and the Order of the Phoenix - J. K. Rowling
35,5.39732669304456,18.4721293227182,5.40388522549075,17.9029424406589,5.42082507340244,5.44333999928504,5.36396905366234,20.7887971542688,9.96896866263829,5.83781637483073,9,gudgeon,Harry Potter and the Order of the Phoenix - J. K. Rowling
36,3.11405222013663,20.0951992521627,3.64611156711,12.3867392462891,3.22103439051711,3.79715882227747,2.60855975064017,34.4266399004956,12.6370283895186,4.06747646085256,8,mother,Harry Potter and the Sorcerer's Stone - J. K. Rowling
37,5.23325572518298,22.061261323076,5.61412797786725,12.7335789717195,5.17443526525202,5.63993159075807,5.63535993752893,22.6985489299155,9.24778798588594,5.96171229281383,2,pettigrew,Harry Potter and the Half-Blood Prince - J. K. Rowling
38,5.82361310791758,23.6277648079658,5.27264111477286,21.9448804433654,5.07248853844426,5.18647362435146,5.53900755524326,14.5383756346582,7.57160685288909,5.42314832039213,3,portkey,Harry Potter and the Goblet of Fire - J. K. Rowling
39,5.73009595823189,22.57515204161,5.28952936277882,16.7846973067297,5.21355784178165,5.63899091656008,5.53027259075001,19.7608506607886,7.46945477322372,6.00739854754551,0,dilys,Harry Potter and the Order of the Phoenix - J. K. Rowling
40,5.81016677432598,20.0401727045899,5.05071714585502,13.8434568881113,5.25600221208662,5.16076433436558,5.27915209197958,28.1590651190038,6.27168046080424,5.12882226887801,2,cho,Harry Potter and the Prisoner of Azkaban - J. K. Rowling
41,5.36465873371929,22.7284213399834,5.47683461782194,13.61730193765,4.73645713123039,5.63429614041507,5.64555518145684,23.0783010768934,7.97701982687083,5.74115401395878,2,connolly,Harry Potter and the Goblet of Fire - J. K. Rowling
42,4.93967294661882,29.0415878972258,4.84730463259458,18.6611572605065,4.83611135718896,5.24713002335995,5.18450521318497,16.9014555709468,5.08916407145519,5.25191102691849,7,goyles,Harry Potter and the Half-Blood Prince - J. K. Rowling
43,4.57911298136087,25.2488277413579,4.50211291291519,17.0401901894192,4.53865413113581,4.81766088757049,4.75763276744462,19.5933481799785,9.67175713020922,5.25070307860815,0,ltd.,Harry Potter and the Order of the Phoenix - J. K. Rowling
44,5.32921310356468,17.6112908151662,3.98746342861236,31.5812454167474,4.0153385708865,6.90652980038475,5.84615762695315,9.88498267842052,9.3774333053832,5.4603452538812,1,congress,Harry Potter and the Sorcerer's Stone - J. K. Rowling
45,5.56675503801203,22.2438059545079,5.46559480559289,18.9017377231545,5.35357999191972,5.49039063842631,5.55131001694494,17.9282351826875,7.78484682886643,5.71374381988777,0,fred,Harry Potter and the Deathly Hallows - J. K. Rowling
46,6.24217971736182,23.9934911083723,5.68637756761587,16.896842784325,6.00144844636653,5.92403502354104,5.69425115956854,16.1193689439731,7.62876925279533,5.81323599608041,0,gabrielle,Harry Potter and the Deathly Hallows - J. K. Rowling
47,5.96421263807822,24.1794081430991,5.58627925051132,16.0130872240801,6.31473436294532,5.15439264864925,5.88523649328229,16.8799216129178,7.24537792692232,6.77734969951429,0,muggles,Harry Potter and the Sorcerer's Stone - J. K. Rowling
48,5.11627440606411,19.7152630759755,5.29939245403292,17.1030784984734,5.35960928475945,5.97155911653128,5.12897097322904,21.020564600745,9.35238187565102,5.93290571453822,9,pince,Harry Potter and the Chamber of Secrets - J. K. Rowling
49,3.9043700683635,11.3636833189596,3.52474685387976,46.8223384155413,4.33745393152756,5.11964144011595,3.41206569125306,11.4745265485541,5.58986435598602,4.45130937581907,6,cabinet,Harry Potter and the Deathly Hallows - J. K. Rowling
50,5.40543522689927,21.0915032130296,5.10887117172308,17.0110629278594,5.75327946677809,6.19062101877181,5.68080417896537,19.3570397774492,8.17195070371095,6.22943231481321,0,cliodna,Harry Potter and the Sorcerer's Stone - J. K. Rowling
51,4.73643896381744,15.8308417558704,4.37237561089655,13.7612186183621,4.28377865156524,4.81853813676224,5.09039820307327,33.2867198521439,9.34213696558497,4.47755324192383,8,polkiss,Harry Potter and the Sorcerer's Stone - J. K. Rowling
52,5.53527445809406,20.9359068979458,5.51440312928553,17.9510861623307,5.18889741686943,5.54353406215168,5.52016967834033,20.90405360974,7.18007827411683,5.72659631112558,0,vernon,Harry Potter and the Sorcerer's Stone - J. K. Rowling
53,5.2915147028743,23.707762186954,5.32724083053499,16.2935442164835,5.02428197865682,5.20325175412642,5.28784134213534,20.1437847815019,8.26972418466474,5.45105402206793,0,lockhart,Harry Potter and the Chamber of Secrets - J. K. Rowling
54,5.86421620989768,18.875880042814,5.96028663356522,20.4474000171167,5.57274673350272,5.79119109867692,6.16806454511373,16.9102476762612,8.3481656273185,6.06180141573332,3,maisie,Harry Potter and the Deathly Hallows - J. K. Rowling
55,5.48361124888194,23.3536470281048,5.08796604529436,15.0436609765467,4.8508531901905,5.57881462064756,5.11581560650709,23.5267781553792,6.37890737712548,5.57994575132243,2,north,Harry Potter and the Goblet of Fire - J. K. Rowling
56,5.816943462844,24.6202029211141,5.47642062150953,15.8750174953415,4.90937793876123,5.51925014260395,5.58445644809443,19.8458204061684,6.78575682615607,5.56675373740689,0,lucius,Harry Potter and the Goblet of Fire - J. K. Rowling
57,4.94319256561487,21.8007818110201,4.70924087769516,18.3988414538032,4.8769390900856,4.98021510652882,5.13354771521595,24.181732803349,6.01877224211805,4.95673633456926,2,patronuses,Harry Potter and the Deathly Hallows - J. K. Rowling
58,5.16113473071109,24.2730075288836,5.09078941896681,18.7907259569132,4.68121650006545,5.1490289067114,4.98348443448932,19.990575247741,6.75156847873803,5.12846879678015,0,bill,Harry Potter and the Order of the Phoenix - J. K. Rowling
59,5.13495681485092,24.0887964144844,5.25613972145103,18.4676810256384,4.78849483184091,5.12286001852519,4.76327613151939,21.4130541257485,5.79522610475803,5.16951481118319,0,broomsticks,Harry Potter and the Deathly Hallows - J. K. Rowling
60,4.76046231496624,22.5467482733477,5.08544225208439,21.8792063706286,6.23195452716786,5.39159033277327,5.3565442143363,16.5113081469114,6.32725331552316,5.9094902522611,3,forest,Harry Potter and the Sorcerer's Stone - J. K. Rowling
61,5.97785331101734,26.2999466965476,5.85309680725807,17.2384760005167,5.61424544916125,6.85405179450282,5.22421090299226,13.763698035608,6.92977483985496,6.244646162541,7,trimble,Harry Potter and the Sorcerer's Stone - J. K. Rowling
62,4.99669582294752,15.6560196798458,5.88602870171097,24.1592118910063,4.70884150468117,5.29830742433812,6.56482611241288,21.0519739520844,6.33526651840828,5.34282839256458,9,rubeus,Harry Potter and the Half-Blood Prince - J. K. Rowling
63,5.68773067533743,20.4113200889258,5.46276140682712,18.3824235108129,5.34524358405572,5.77496569956524,5.71958919155069,19.5959226220867,7.65760288182817,5.96244033901026,0,dudley,Harry Potter and the Sorcerer's Stone - J. K. Rowling
64,4.24800338390647,27.7294016901788,4.74732312508467,13.8493601462771,3.96802193012371,4.06287097733538,4.30769977278041,26.9784001429912,5.42719031325115,4.68172851807114,4,yorkshire,Harry Potter and the Goblet of Fire - J. K. Rowling
65,5.41790665349484,24.9348809568672,5.29453462128052,16.4651799250004,5.11380530877474,5.49302509737878,5.47783994984615,19.3210834498206,6.89181182564991,5.58993221188685,0,twycross,Harry Potter and the Half-Blood Prince - J. K. Rowling
66,5.12234769868719,19.7299306762486,5.34041364557794,19.8852677790923,5.36611404291168,5.30926829281986,5.82178787046649,20.1560453068847,8.0137608544657,5.25506383284552,9,society,Harry Potter and the Order of the Phoenix - J. K. Rowling
67,5.16425722751489,24.2313957966359,4.94878179436721,19.1038543621344,4.83754740031882,5.01370222725348,5.24428644714276,18.3416276787446,7.8484933682328,5.26605369765514,0,lucius,Harry Potter and the Half-Blood Prince - J. K. Rowling
68,6.42775044721379,24.6217332725361,6.13653264341345,19.074007378915,6.05220729450313,5.34111459538946,6.53287487018261,12.9246667219176,6.84460907927927,6.04450369664962,3,garn,Harry Potter and the Deathly Hallows - J. K. Rowling
69,5.36217682759179,28.6961591920146,5.00162812146279,12.8641349014866,5.2162958165676,4.7413359071988,5.34966551877913,21.072627989081,6.75557717738182,4.94039854843579,4,merlin,Harry Potter and the Half-Blood Prince - J. K. Rowling
70,5.39546683916621,23.176366346898,5.31926811914622,16.5342819312534,5.17561220014526,5.3151534560082,5.39008594546572,21.3417149156668,6.89579329486059,5.45625695138958,0,snape,Harry Potter and the Prisoner of Azkaban - J. K. Rowling
71,4.18129246752422,25.7293678009457,5.44370398775784,14.5345000517906,3.61604516702215,4.27416470485387,5.24049357567895,27.8049135817604,5.5418352121523,3.63368345051397,2,mafalda,Harry Potter and the Chamber of Secrets - J. K. Rowling
72,5.37232967298886,25.4952995484916,5.23670034450805,19.2090832258481,5.06103192775314,5.27801434710514,5.35309404775538,16.7835121388602,6.74197501340115,5.46895973328837,0,ollivander,Harry Potter and the Deathly Hallows - J. K. Rowling
73,5.4444046419191,23.6196845607939,5.36624278935975,16.7790027693764,5.18726861457091,5.4162458731289,5.43791014777054,19.9220471406625,7.24167784793273,5.58551561448525,0,fred,Harry Potter and the Goblet of Fire - J. K. Rowling
74,5.86421620989768,18.875880042814,5.96028663356522,20.4474000171167,5.57274673350272,5.79119109867692,6.16806454511373,16.9102476762612,8.3481656273185,6.06180141573332,3,ellie,Harry Potter and the Deathly Hallows - J. K. Rowling
75,4.95351593200248,19.2599934401835,5.10779839708789,19.0650680359444,5.45524537372614,6.07733687840523,5.66675584265257,18.0747654766184,10.4833873348952,5.85613328848418,9,golden,Harry Potter and the Sorcerer's Stone - J. K. Rowling
76,6.21723606511703,34.6998951227451,5.6796629230481,13.3405949529925,6.89205755936463,7.1596345533898,6.31345976987767,7.34597063306175,6.1541588814118,6.19732953899158,7,trevor,Harry Potter and the Goblet of Fire - J. K. Rowling
77,5.48929954218252,24.5924937333211,5.55459000335462,17.0314265310149,5.17991130053827,5.58542340619655,5.52083775032107,17.514007312388,8.18583523194649,5.34617518873635,0,anglia,Harry Potter and the Chamber of Secrets - J. K. Rowling
78,4.44878099574388,31.0529881465001,4.50794274350292,20.6886095006686,3.81918531286745,4.04889638194826,5.21708697775815,17.6616162124534,4.43480846008391,4.12008526847333,7,eleanor,Harry Potter and the Goblet of Fire - J. K. Rowling
79,4.0016961955937,21.8067219734314,3.9882763731672,10.4655836345936,3.53591346242924,4.22889986122004,4.26955813294664,36.5984747380313,6.73012406085477,4.3747515677321,8,forbidden,Harry Potter and the Chamber of Secrets - J. K. Rowling
80,5.25507308271649,21.5740649574159,6.74635707813821,15.0045588094157,5.91857016823679,5.4629533516679,6.544202093834,20.8611390458935,6.13513630577182,6.49794510690974,2,charing,Harry Potter and the Prisoner of Azkaban - J. K. Rowling
81,6.52904253066634,21.1514932411731,5.35607994251717,22.5321866929485,4.85007952433421,4.40630749121014,4.9771661942245,16.2202331536889,8.20539540599287,5.77201582324429,3,data,Harry Potter and the Chamber of Secrets - J. K. Rowling
82,5.57896762808692,21.5783628897048,5.45867441560218,17.0656994608763,5.3030204516261,5.47243059948817,5.59961728877715,21.236866184691,7.04230772275481,5.66405335839256,0,ron,Harry Potter and the Goblet of Fire - J. K. Rowling
83,5.24901799391685,18.7675286195414,5.89584672991663,19.5736944815418,5.32610765664222,5.45276952877397,6.5481526159907,20.5945960580428,6.83813020500999,5.7541561106236,9,patronus,Harry Potter and the Order of the Phoenix - J. K. Rowling
84,3.94728239920973,23.5751507500151,4.63045907474472,18.6913540925959,4.93692188864716,3.56023441905436,4.61212552021475,24.0879419315626,6.27672941703013,5.68180050692563,2,o.w.l,Harry Potter and the Order of the Phoenix - J. K. Rowling
85,5.56749251254366,26.5683951143057,5.93767748848649,9.42722224093944,5.06501260049951,5.64583023029641,5.1999555818848,21.5457897180589,9.39674503505769,5.64587947792739,4,fives,Harry Potter and the Chamber of Secrets - J. K. Rowling
86,5.89307108100616,9.37516419757857,5.71074007478267,31.1635956000127,7.31795273754923,5.9093182605855,6.41515316443992,13.4216382657812,8.14360590807124,6.64976071019276,1,aeschylus,Harry Potter and the Deathly Hallows - J. K. Rowling
87,5.52444420974524,24.0387781241603,4.62891963014145,16.5346471724239,4.55282981206924,5.07449783467342,5.13034974152994,23.1947267953345,5.96920232786665,5.35160435205544,2,forest,Harry Potter and the Half-Blood Prince - J. K. Rowling
88,4.21093571042182,30.5367147821474,4.46604077866403,14.2489642095294,2.73686619204655,3.7740822053758,3.77870874341067,26.0683351474832,6.68929599970866,3.49005623121244,4,skower,Harry Potter and the Chamber of Secrets - J. K. Rowling
89,4.92837129815181,25.8627806401613,4.6466306250798,19.4281516262705,4.45442247320169,4.3490590873096,4.57613856913796,22.0066656860448,5.28727842793964,4.46050156670293,0,against,Harry Potter and the Goblet of Fire - J. K. Rowling
90,5.07001282156024,22.9145747656535,5.16937888665896,14.9103128479815,4.97408187110278,5.07674378503754,5.14688328169921,22.4491471487635,8.91585698237457,5.37300760916818,2,great,Harry Potter and the Chamber of Secrets - J. K. Rowling
91,5.4726789637855,16.7817920546217,4.45017726807442,14.591590567623,5.29070640732567,5.51423158459926,4.68817911250575,32.6264357838496,4.77452130608073,5.80968695153441,8,dudders,Harry Potter and the Order of the Phoenix - J. K. Rowling
92,5.28654518364463,25.6597999474658,5.23916533250767,18.88153899962,5.06277400347034,5.19610942224534,5.41533780555099,16.894265492195,6.93965125343727,5.42481255986292,0,flitwick,Harry Potter and the Deathly Hallows - J. K. Rowling
93,5.01719442116049,23.0240079790179,4.81281583759518,6.57868656115641,4.4297889875771,5.25827997577483,6.27925589521217,4.8063238062628,34.3251862201463,5.46846031609672,7,parselmouth,Harry Potter and the Chamber of Secrets - J. K. Rowling
94,5.3591344464425,23.2030460743554,5.0183186863285,26.6207347358318,4.66356188811581,4.54858849624799,4.63507335282676,14.4413119833933,6.76872185279232,4.74150848366562,3,nurmengard,Harry Potter and the Deathly Hallows - J. K. Rowling
95,6.16218762167023,20.0846294497362,5.65106512040525,18.452467385852,5.53159682510663,5.71108196698768,5.79492930828805,19.4759783514625,7.21350349456983,5.92256047592167,0,borgin,Harry Potter and the Chamber of Secrets - J. K. Rowling
96,6.60098190854906,18.036701388495,6.42329544460003,11.0383806260851,6.16557311587412,5.73068025603122,6.20623346792249,22.7911790453423,11.0495647594164,5.95740998768435,2,hermes,Harry Potter and the Prisoner of Azkaban - J. K. Rowling
97,3.90594191574908,26.117972796611,4.46451330926138,21.2629571583206,3.24726654409815,3.71971968049105,4.7353091527413,19.1797900665109,9.36960830996254,3.996921066254,0,parvati,Harry Potter and the Chamber of Secrets - J. K. Rowling
98,5.2342535306227,22.3206754139654,5.19449740404258,17.4013566094536,4.86468080534124,5.25911021067484,5.55371633842743,22.052251004673,6.5153752695532,5.60408341324611,0,bell,Harry Potter and the Order of the Phoenix - J. K. Rowling
99,5.75020400544912,23.5103276567691,5.23619964239938,20.0592812331326,5.29549897042026,5.56414688198067,5.65139511737737,16.9932254102878,6.44039391593531,5.49932716624842,3,charlie,Harry Potter and the Deathly Hallows - J. K. Rowling
100,5.22288474885619,23.2938501345194,4.94536600839992,14.0353623496447,5.42038614790472,4.57939403875839,5.25407855301389,14.7877503402228,17.0220026463344,5.43892503234553,0,m.,Harry Potter and the Chamber of Secrets - J. K. Rowling
101,5.48045837348923,24.5229276826541,5.21147117376135,13.9647317139723,4.67151307500942,5.5173132551457,5.41127737409326,22.3608512391653,7.3716464687284,5.48780964398092,2,diggory,Harry Potter and the Prisoner of Azkaban - J. K. Rowling
102,6.12773682886153,5.10986368538986,4.78090017730168,49.9693333932773,4.89358393920214,4.55287692310478,5.57935965157309,6.53006056813892,6.74340202308868,5.71288281006202,6,j.,Harry Potter and the Deathly Hallows - J. K. Rowling
103,3.6215133911204,28.7612510242464,3.94990441984863,23.0636839947642,3.74485036143019,4.19890629386216,4.33869293156299,18.2603412826368,6.05484714956336,4.00600915096489,3,mudblood,Harry Potter and the Order of the Phoenix - J. K. Rowling
104,5.57475666870231,25.6463849101898,4.83209278613484,15.6388175030513,4.57031238321144,4.76524091539849,4.84484467270488,22.8028211656593,6.73087643034062,4.59385256460703,4,goblin,Harry Potter and the Goblet of Fire - J. K. Rowling
105,6.52904253066634,21.1514932411731,5.35607994251717,22.5321866929485,4.85007952433421,4.40630749121014,4.9771661942245,16.2202331536889,8.20539540599287,5.77201582324429,3,rowling,Harry Potter and the Chamber of Secrets - J. K. Rowling
106,5.51351181065251,22.6083970510819,5.4032600997537,18.9242912377928,5.22940334226745,5.38065320381218,5.5157334649453,19.0653186722178,6.72853392648431,5.63089719099203,0,griphook,Harry Potter and the Deathly Hallows - J. K. Rowling
107,5.24419025504871,22.4831206296047,4.99043785874817,16.8990549929943,5.0538546291288,5.13437083933188,5.46935284190614,23.2629357259487,6.37048664048769,5.09219558680096,2,phoenix,Harry Potter and the Order of the Phoenix - J. K. Rowling
108,5.82129930102476,27.1159576633719,5.87023648954463,17.7637584274457,5.58799806154514,6.21715891172998,5.59533259576289,14.4471115195903,6.43615837001368,5.14498865997096,7,coward,Harry Potter and the Half-Blood Prince - J. K. Rowling
109,4.27218939662705,21.4792056775567,3.89812595676753,18.3097484838082,3.70123572474412,4.0553882293434,4.34311368266861,30.3934267634235,5.451717309205,4.09584877585578,8,merlin,Harry Potter and the Prisoner of Azkaban - J. K. Rowling
110,5.65329546118867,19.6024601673725,4.69766274535008,20.3319346811042,5.64385772073282,5.33032815176348,5.45788178009899,21.2245066661667,6.63043381102904,5.42763881519353,9,regulus,Harry Potter and the Half-Blood Prince - J. K. Rowling
111,5.6858229546025,21.6488550172754,5.74203864610005,21.1502355385436,5.52808846228182,6.22593782962006,5.77135156403995,16.2366934859163,6.44311903154715,5.56785747007321,3,delacour,Harry Potter and the Half-Blood Prince - J. K. Rowling
112,5.61925972760085,17.9137587684144,5.91002304593196,11.1914033999112,6.12785716934759,5.29399983432913,5.51449555019657,31.8657433349758,5.32830813001419,5.23515103927838,8,leaky,Harry Potter and the Order of the Phoenix - J. K. Rowling
113,4.26679114033449,30.2500264444357,5.94543079717318,12.4205156782814,5.0800156048359,5.26632651473542,5.03940377135714,20.6051370442891,5.02643386474474,6.09991913981298,4,viktor,Harry Potter and the Order of the Phoenix - J. K. Rowling
114,6.97098290884797,24.7708086464069,6.10502584887596,15.9451767160255,6.42106816079584,7.30005849997158,6.02536946893696,12.0038221127944,7.98393247224081,6.47375516510405,7,splinching,Harry Potter and the Half-Blood Prince - J. K. Rowling
115,4.48725143007306,23.1587021412086,5.06614064627297,8.41468214748428,4.39840891315878,3.90716037211065,4.00382549424641,37.5760638166503,4.51545615904149,4.47230887975345,8,hermy,Harry Potter and the Order of the Phoenix - J. K. Rowling
116,5.13880261138356,24.2328886406529,5.41186860087878,19.379276840227,5.41099610947518,5.39468403914771,5.20744423429828,18.5402457492175,5.59722811090487,5.68656506381414,0,wizardry,Harry Potter and the Order of the Phoenix - J. K. Rowling
117,4.5967742151936,33.0411432911213,4.96178681534135,15.627812401851,4.50979777022687,4.68923930090379,5.80490154066246,16.2337323650816,4.96089157079475,5.57392072882324,7,h.,Harry Potter and the Half-Blood Prince - J. K. Rowling
118,5.95820752678304,21.5691068842219,5.35710591693515,15.6584786961886,5.62851108944518,4.87423668379828,5.14092291242587,21.2394724028219,8.58516848564937,5.98878940173069,2,time-turners,Harry Potter and the Order of the Phoenix - J. K. Rowling
119,5.25172316035345,22.7864327629287,5.0716828606507,15.8596289605021,5.11526891237997,5.42977614466605,5.36160933653095,21.9164831800791,7.79662427078634,5.41077041112259,2,thomas,Harry Potter and the Prisoner of Azkaban - J. K. Rowling
120,5.37310198101605,22.5470676337542,5.17988147636963,18.6366197528241,5.30571042542461,5.92297015879103,5.26220303119552,18.6971066496607,6.71173505957936,6.36360383138484,0,arts,Harry Potter and the Sorcerer's Stone - J. K. Rowling
121,5.48385953270434,23.093977707021,5.17787417337585,19.5551492443796,5.1554853627602,5.1675024525616,5.492033791635,18.4822140000776,7.1118702638224,5.28003347166242,0,lovegood,Harry Potter and the Deathly Hallows - J. K. Rowling
122,5.72353167936303,21.8601955068305,5.5448870984346,18.4614600334566,5.94232022862649,7.0587159350271,5.96387263692211,17.0578594194794,6.27631809834686,6.11083936351329,0,palace,Harry Potter and the Goblet of Fire - J. K. Rowling
123,6.24284405823955,26.6393769072542,6.85466779503814,14.6884896255481,6.81632587596783,6.07688120563165,6.63363341763708,9.44472587706608,9.05414420870035,7.54891102891705,7,isabelle,Harry Potter and the Deathly Hallows - J. K. Rowling
124,5.78798670664611,20.1587567958254,6.53595329372931,12.8679103624846,5.65728648122026,5.75042140250838,6.3354137954707,19.154481969345,11.400610931818,6.35117826095221,0,fudge,Harry Potter and the Chamber of Secrets - J. K. Rowling
125,5.46849006692455,28.8683110267148,5.7554708645029,14.3255652972595,5.2293167023642,5.63334822463524,5.84875729574058,15.9815989618263,7.37561494170622,5.51352661832571,7,belby,Harry Potter and the Half-Blood Prince - J. K. Rowling
126,5.68462445492199,20.9632199455244,5.15263398802458,19.628448275076,5.08957091072247,5.25620490866482,5.81348654602753,20.4677494985142,6.39779988143514,5.5462615910889,0,perkins,Harry Potter and the Goblet of Fire - J. K. Rowling
127,5.65740385211281,22.3641144107768,4.97694514752247,10.9052967673659,5.19381361070196,5.55121602365297,5.68286659405407,26.5706634043732,7.1257660432785,5.97191414616133,2,kestrels,Harry Potter and the Order of the Phoenix - J. K. Rowling
128,5.94023950644645,22.6656512949951,5.39081542405791,19.6735417726731,5.69106416957124,6.06473528194886,5.59774360759325,16.9645516283668,5.98402329935748,6.02763401498983,3,nicholas,Harry Potter and the Sorcerer's Stone - J. K. Rowling
129,4.02278609181841,31.1783558226767,3.5820409919232,20.8571698398178,3.76760541778894,3.14492551308458,4.0220296250633,20.5593616729122,4.85747826837519,4.00824675653977,4,meliflua,Harry Potter and the Order of the Phoenix - J. K. Rowling
130,4.53416342409345,21.1834466354683,4.53535586436371,29.0809752125486,5.08404274612068,5.05732114117322,4.51725273109388,15.278678134131,5.8477481708296,4.88101594017754,1,vanishing,Harry Potter and the Half-Blood Prince - J. K. Rowling
131,4.88047801641758,24.219974129175,4.82776968993763,16.0341514857727,4.49019827700624,4.70071896947748,4.9441982807532,24.4699477852131,6.53228242681594,4.90028093943114,2,boot,Harry Potter and the Order of the Phoenix - J. K. Rowling
132,2.96880351253296,30.8909412030709,3.39587587348927,24.4998575068586,2.93395506750074,3.14696689548654,3.7999023978831,18.5554333363454,6.31203237674505,3.49623183008752,3,longbottoms,Harry Potter and the Order of the Phoenix - J. K. Rowling
133,5.00275833755492,23.0434848129754,5.22098914114898,15.748754259015,4.7355723939283,4.74551715205534,4.913285013319,26.2068219172202,5.45283171792046,4.92998525486242,2,the,Harry Potter and the Half-Blood Prince - J. K. Rowling
134,5.27272197577677,16.7404644814718,5.8839701928635,16.7366699187441,5.46194470623703,4.6957532167344,5.38494370591136,28.3952325620994,6.20729184120565,5.22100739895596,8,seen,Harry Potter and the Order of the Phoenix - J. K. Rowling
135,4.69637794619657,25.7193368239325,5.18454415351593,17.2960666085878,4.97844164163148,4.3405764331233,5.61807357098549,20.3973457077113,6.46307693081527,5.30616018350031,0,shop,Harry Potter and the Order of the Phoenix - J. K. Rowling
136,5.64142786413845,20.5845294576688,5.06864723234103,28.621268150647,5.10121365190588,5.01218048057839,5.68361718628194,11.5050334891795,7.53796037771057,5.24412210954839,1,antioch,Harry Potter and the Deathly Hallows - J. K. Rowling
137,4.95742476241594,17.9577033816369,4.78584263251871,24.3556894831534,5.67313290599325,6.2928539117546,5.50644287252994,17.0940051489942,7.91337528992692,5.46352961107618,3,marcus,Harry Potter and the Sorcerer's Stone - J. K. Rowling
138,5.52049928370496,25.7085618489795,5.84877972052212,15.074357781603,5.62450985680459,5.79248498106667,5.85999998965672,17.4062811143063,7.22381565389482,5.94070976946126,0,hufflepuffs,Harry Potter and the Deathly Hallows - J. K. Rowling
139,4.63774801333699,27.4629305703971,5.18794652190218,17.3954737328419,4.53621081748522,5.10447739857652,5.58131684001964,19.0870631448614,6.24984462745252,4.75698833312644,4,cornwall,Harry Potter and the Deathly Hallows - J. K. Rowling
140,3.81051965048768,30.4598530080318,3.70262116422098,16.401014311329,3.85220887088117,3.91621048470832,3.9418010311762,23.7426622457136,6.41892583127327,3.75418340217797,4,filch,Harry Potter and the Prisoner of Azkaban - J. K. Rowling
141,5.47955672741795,21.3337609501509,5.35989643217872,17.5214994723176,5.21051804463971,5.39573881351146,5.18194914077037,22.6563326075262,6.47471492070614,5.38603289078096,2,granger,Harry Potter and the Prisoner of Azkaban - J. K. Rowling
142,6.71623372905718,18.5524299255549,6.56050676272919,20.4697477467141,5.90448074446682,5.66212136377398,7.36063820491974,14.9258489571188,6.65891356939859,7.18907899626668,3,warty,Harry Potter and the Sorcerer's Stone - J. K. Rowling
143,4.21594034589199,25.8926746464984,4.65398908404451,19.420423274044,4.36517014897227,4.42232624812313,4.74014712582635,20.2091669279332,7.04574429212119,5.03441790654497,0,lockharts,Harry Potter and the Chamber of Secrets - J. K. Rowling
144,5.66196135137937,23.5561222818594,5.09176374763961,16.9425986401815,4.98236966771707,5.20606461814133,5.49810601177583,21.3606784075329,6.30036991156534,5.3999653622077,0,quirrell,Harry Potter and the Half-Blood Prince - J. K. Rowling
145,5.38500410973786,23.0375040305275,5.20240162284564,16.4012525288318,5.18470104573946,5.11861576259531,5.35419452434992,22.3377395282047,6.79788934976408,5.18069749740368,2,st.,Harry Potter and the Order of the Phoenix - J. K. Rowling
146,6.31931593085186,25.5129309293857,5.86444065882443,15.7692864518132,5.25936735925993,6.09613590368575,5.97484964837508,17.3625213348931,5.48584767295098,6.35530410995992,0,ireland,Harry Potter and the Deathly Hallows - J. K. Rowling
147,5.30135105391959,22.2334532596504,5.19456608198821,18.1261944490212,5.18442080925946,5.35564418376871,5.74255322739054,21.8000326620346,6.07846886403604,4.98331540893128,0,newt,Harry Potter and the Order of the Phoenix - J. K. Rowling
148,5.5848737546541,27.9273654493424,5.6612117296333,11.9217116439575,5.34871574213611,6.2248492463602,6.07710447604123,19.5228153777528,6.27791389716159,5.45343868296074,4,chang.,Harry Potter and the Goblet of Fire - J. K. Rowling
149,6.63522386750567,25.4267957458835,5.62619152841887,18.5975918614946,5.99100247382941,6.70822979045664,5.27629325564389,12.4884386996168,7.61969846821167,5.63053430893887,3,katie,Harry Potter and the Goblet of Fire - J. K. Rowling
150,3.96796039242045,24.36700144709,4.48563962831815,16.6925112034578,2.87601500138143,3.71938235720663,4.37583745407909,32.0616919027673,4.44497595288436,3.00898466039478,8,stunning,Harry Potter and the Order of the Phoenix - J. K. Rowling
151,5.0426610277125,19.3575655099636,6.16335633725108,14.0519655672808,4.97497169432436,5.6542410789306,5.92781263352413,25.4450969320334,7.9862687799301,5.39606043904946,2,halloween,Harry Potter and the Prisoner of Azkaban - J. K. Rowling
152,4.85694493225942,29.9412455260263,4.4741624899702,13.8570618979152,4.35476917839818,4.45097353478889,4.44853968494225,23.4145211147542,5.70556379696139,4.49621784398402,4,parkinson,Harry Potter and the Half-Blood Prince - J. K. Rowling
153,4.97766436536727,23.9789921953036,5.35836638069702,15.569770588591,4.74693202962784,4.7007799957901,5.19821342496653,23.4208538818469,6.65296801235175,5.39545912545797,2,mafalda,Harry Potter and the Order of the Phoenix - J. K. Rowling
154,5.07931530045485,23.3138885546073,5.12811807041732,15.964034874316,4.93653588142602,5.31347129520218,5.18726667796768,22.6088197200751,7.21874731765023,5.24980230788324,2,pomfrey,Harry Potter and the Half-Blood Prince - J. K. Rowling
155,5.81473647898317,22.5816019101153,5.46721746845413,13.2835983121488,5.93523013277472,5.99547593467911,5.50115194412149,21.6271834529624,8.37202222015563,5.42178214560519,2,keeper,Harry Potter and the Order of the Phoenix - J. K. Rowling
156,5.58923378090654,22.4697772223274,5.36635190787633,13.5450982411347,5.39453477938677,4.6959949807732,5.78446297782877,26.294306971432,4.91940154265244,5.94083759568188,2,harry.,Harry Potter and the Goblet of Fire - J. K. Rowling
157,5.31828600726568,22.8877766032703,5.2590554285179,16.7836306609731,4.7826171820027,5.1672935098956,5.21410242793266,20.2046457254318,8.91810582841728,5.46448662629307,0,tom,Harry Potter and the Chamber of Secrets - J. K. Rowling
158,5.72125133784212,22.3719919009645,5.60269086750882,19.5692968236599,5.33673600166689,4.83613999344174,5.49493099904289,18.8589792243352,6.50179457743889,5.70618827409913,0,wales,Harry Potter and the Deathly Hallows - J. K. Rowling
159,5.62583914615449,19.8752237514884,5.04236364497482,12.011041475384,6.29866244868526,5.90814339202986,5.63264048666134,22.9319925852397,10.7013730312612,5.97272003812091,2,disapparition,Harry Potter and the Deathly Hallows - J. K. Rowling
160,6.07134058641995,23.1564504245347,5.82729277068315,14.1504363222305,5.50271805720762,5.57748824739386,6.59532603111927,19.6732571738231,8.14306165143924,5.30262873514856,0,apparating,Harry Potter and the Deathly Hallows - J. K. Rowling
161,5.29892658527863,23.5971355809674,5.76670717216094,15.7490297856904,5.32509787392376,5.26982122406251,5.6757983349972,19.9809822013096,7.63695534806109,5.69954589354845,0,jordan,Harry Potter and the Order of the Phoenix - J. K. Rowling
162,5.61591428655074,22.8337182420353,5.4925734532596,17.559415291705,5.37516694443395,5.50181921315141,5.61803462720902,19.1290025105519,7.21361277230103,5.66074265880206,0,dumbledore,Harry Potter and the Order of the Phoenix - J. K. Rowling
163,5.80076763243717,23.7717598039792,5.12680217036413,15.8706592161973,4.95016231170718,5.26301948353796,5.348707531633,19.6629050673758,8.57215667007082,5.63306011269743,0,hannah,Harry Potter and the Chamber of Secrets - J. K. Rowling
164,6.05402302642679,21.4730160563723,6.00345699103171,24.6478258350999,5.4687066142448,6.217118755479,5.4765354907694,8.04225865358101,10.6885649318179,5.92849364517724,3,wellington,Harry Potter and the Half-Blood Prince - J. K. Rowling
165,5.18859113477071,21.0904132790656,4.80663539217967,19.0696614579022,4.61975781049318,5.01022373945847,5.19858781691631,23.5638429821524,6.26033622888366,5.19195015817774,2,podmore,Harry Potter and the Order of the Phoenix - J. K. Rowling
166,5.364520969024,23.8644867074835,4.67641207167707,21.4026386088634,5.02492671559053,5.10935326790202,5.18029672062987,17.647779631906,6.38943933269168,5.34014597423191,3,sneakoscope,Harry Potter and the Deathly Hallows - J. K. Rowling
167,5.19046825184228,23.5481653239236,5.25398418826757,15.7599446569199,5.05619570071754,5.21570150347912,5.2662293887941,22.6527883966023,6.73015529557359,5.32636729387997,2,potter,Harry Potter and the Prisoner of Azkaban - J. K. Rowling
