,Topic 0,Topic 1,Topic 2,Topic 3,Topic 4,Topic 5,Topic 6,Topic 7,Topic 8,Topic 9,class
0,6.11323806230104,6.15607249457202,5.78975557565599,6.16638882653648,25.3502420549857,6.05943754354074,6.23185744310809,6.52223995730335,25.9392018253183,5.67156621667825,0
1,5.01051655487872,5.53018458747801,5.88533161878744,5.55294662580897,16.1574847688404,4.96745868358499,5.73408096239785,5.62537147508972,40.4806632373389,5.05596148579505,2
2,6.46576393009864,6.20750496834096,6.53887894047035,6.70669674707489,23.7544467928543,6.43318909895951,6.50646450260365,6.45686896822346,24.526532671345,6.40365338002921,0
3,8.28303728715617,7.52481020621735,7.86426238970676,7.62338763840132,17.6687898630157,7.04171930548682,8.12055913654185,8.19979549663104,19.7386471801582,7.93499149668485,0
4,6.14174133168056,6.36764119657124,6.75254262554937,6.84067470901411,19.9821565847569,6.54307764274433,7.07743939590685,6.569551040751,27.1204962964812,6.60467917654441,0
5,6.02471926314026,5.9718285297781,6.33325523524257,6.98212627018942,26.2474970447636,6.1224849410987,6.04250058098752,6.27607259636858,23.969880913703,6.02963462472819,4
6,7.04357350544657,6.84659549077011,6.74656369009023,7.47641389417405,27.5926896560204,6.61312977389731,6.81080567779307,6.62877670474878,17.5139847982527,6.72746680880678,4
7,6.50889147096068,6.37863202421088,6.91350562057172,7.18961929730042,28.876255641778,6.43802652379415,6.56107284271761,7.04291556100498,17.8656930179522,6.22538799970934,4
8,6.30608690236371,6.41673203152916,6.54172610930082,16.3883351128306,8.51453180096444,6.00604801217699,6.51761970467318,6.60079949265014,30.2817669208477,6.42635391266329,3
9,5.21690980577745,5.36912683400974,5.45098550074641,21.1753309464618,6.6335696842523,5.31752515146758,5.73764380247447,5.58476017149581,33.9576244754086,5.55652362790578,3
10,5.62499873072393,5.46141876482143,6.45226953274021,6.32453317013079,15.2523769280035,5.4261132308022,6.38105464016827,5.66280278006248,37.6456650740279,5.76876714851935,2
11,6.58575371994224,7.33981768126587,7.68066156754101,7.02438677976169,12.7808186276928,7.24443945185414,7.46282666127113,7.19892714922187,29.5287529651921,7.15361539625716,0
12,4.92622641098468,5.22681332599053,5.60876555118341,6.81525638156133,15.2053170055569,4.79246412050747,5.83669650123348,5.42357204386654,41.0462497381456,5.11863892097006,2
13,6.25110553354856,6.32871190482976,6.34763647431829,6.55125243841179,26.3732623146375,6.00448779575809,6.61754133641996,6.52390565055393,22.9829686062411,6.019127945281,4
14,7.09228009686227,6.51623251136667,6.91537994839887,9.26003433626261,27.0531076113177,5.95206548148642,6.15571983615161,6.67218929165782,17.901742588539,6.48124829795701,4
15,4.46698887969338,4.60023877643246,5.08451505863565,6.47917614288855,22.7109064846633,4.18483333310606,4.84492728251545,5.42924858010102,37.9938433498581,4.20532211210611,2
16,6.03327948186305,6.5586411449385,6.3681426426409,8.07337364489906,17.383154002855,6.25773470450904,6.74317412737,6.85638465676556,29.6118657106806,6.11424988347824,0
17,6.43691098439954,6.58417708018535,6.68572051819649,7.84281590105821,21.4284745739075,6.33738201098744,6.71297295720832,6.72475421190319,24.8840887859419,6.36270297621202,0
18,4.92143344254243,5.23015695987842,6.00557398133516,4.63932826193861,13.8127525626854,4.39677272052162,5.7190098813869,5.34993754249993,45.331696580477,4.59333806673461,2
19,5.30818773629398,5.60778335561121,5.82704840005101,6.16797315199359,17.9280339092769,5.38058634772568,6.22622364095722,5.91979218303476,36.073989529022,5.56038174603362,2
20,6.01274345044561,6.0250186960644,6.31487930823872,13.1366497601001,12.6116426332049,5.51888718754712,6.60030913221101,5.87431826165725,31.8665939638862,6.03895760664462,2
21,6.42605364991307,6.49984408429283,6.73987973079918,7.48909834237098,22.404837718029,6.39466888665283,6.71531631635885,6.7677760827447,24.1609933385213,6.40153185031726,0
22,6.3907805581697,5.93178803581823,6.53872380647411,6.88455810816607,22.6500486928824,6.17832084515256,6.85538377705849,6.21805686380845,26.3338100697366,6.0185292427333,0
23,6.05327827262322,5.98542045501972,6.23965563398733,6.98411277236383,31.8279130673372,5.93256704646563,5.96448057042688,6.35782588696949,18.9160245466503,5.73872174815634,4
24,4.90175336516204,5.09863941935877,5.41698389763715,9.96685719475136,10.6006285645638,4.91595547102955,5.62498417706438,5.51294190620563,42.720445465165,5.24081053906233,2
25,5.98142643306719,6.21992360407896,6.35986048452844,6.96917095214915,21.3711458828325,5.89085989494536,6.36704007953083,6.31609173772523,28.6155151265131,5.90896580462924,0
26,5.40388507471974,5.66355611809959,6.66134506500449,9.57811789341025,26.3637775298098,5.4134893008354,5.94126239743273,6.43115135174952,22.9705147244329,5.57290054450558,4
27,5.99126072873746,6.26145090580117,6.37599295549931,6.8646290228835,23.5468017985175,6.12647666241253,6.36902966878679,6.21275833652307,26.3645532020169,5.8870467188218,0
28,5.56666589669578,5.84129981421475,5.86175792013914,7.06386518272757,22.6221794291898,5.45418861298262,5.94181525672403,6.28160378510801,29.3036912569196,6.06293284529869,0
29,4.50494957546553,5.10488244021725,4.64166515385005,16.9546778692177,16.6346547427481,4.66681211225802,5.38845096017185,5.49552742150962,32.2148392918859,4.39354043267599,2
30,4.49711402690068,5.20830400637668,5.01094053928064,8.34185619369996,19.7488903164169,4.37954122759911,5.0482577081214,5.28398183957051,37.6110175251922,4.87009661684187,2
31,6.62583102809226,6.54626282297394,6.76708049582897,8.83981474587874,12.8646708020364,6.30316381611387,6.60839354706696,6.76434465723039,31.7864790435711,6.89395904120742,2
32,4.91510454040388,5.44572803666904,5.49185837389908,5.59695683542511,20.6095262408365,5.05092407472626,5.82700843908332,5.7783621317003,36.245753365668,5.03877796158854,2
33,5.67582775488174,5.84220109632245,6.02794377953022,8.57342001024854,14.9842693916329,5.55202824739238,6.24002483086103,6.24960426804622,35.0136207510323,5.84105987005224,2
34,6.87287947160432,7.3904011116883,7.53849518056346,7.42754401855644,12.137474659571,6.66712778265253,7.35606770436805,6.81914306416118,30.957876759738,6.83299024709674,2
35,5.92702292928666,5.84243007503904,6.43343189113411,6.98771249110151,22.1955121572925,5.89667318604372,6.31831235835885,6.11806403897336,28.8561635207673,5.42467735200299,0
36,6.34519650612782,6.40840200813476,6.49615422584505,7.50575441511167,23.9519233963759,6.3461503396555,6.85238013678663,6.65608747640033,23.1711170551558,6.26683444040654,0
37,6.2276727756137,6.17244728730601,6.4637999556027,7.34421018249656,20.7022996652332,6.23629506850043,6.60116077973962,6.5474006485277,27.5185475397376,6.18616609724253,0
38,5.68706603902592,5.45597698633009,5.56025012619949,5.87751772973496,26.0492716424491,4.69210796190558,5.65917619708666,5.54560798034912,30.4803070101299,4.99271832678915,0
39,6.04436543622928,6.08241913733371,5.97431673950204,6.85754044884975,26.868099200933,5.97025942400237,6.06597225954744,6.22961710429239,24.3061588256053,5.60125142370478,4
40,6.33971923608709,6.35818038404605,6.40456075572504,9.29410021369207,17.5874239842314,6.24016417094419,6.62219500708285,6.65890199367349,28.3475892109857,6.14716504353217,0
41,4.91997217761811,5.33364759305924,5.4986428127308,6.23040271233956,33.5055395396343,5.07810796084532,5.03354336047623,5.5673580395643,23.8574311009065,4.97535470282565,4
42,6.10404108077994,5.90220681138246,6.36762984262097,6.93325020686395,20.0390103477781,6.17127147327624,6.26959504455533,6.05471483601714,30.2061069119383,5.95217344478758,0
43,4.9726847473105,5.18313275913062,5.76219611893386,5.81404231886202,16.0017818520165,4.85063422002868,5.92064541685385,5.37351738422148,40.7531447112214,5.36822047142108,2
44,6.61866041310534,7.11976306668287,7.19216090990859,6.94082104272725,11.0916574956539,5.86475891783467,7.30231356916959,6.994162701195,34.1585838014117,6.71711808231114,2
45,5.78103918971364,5.98585647781972,6.23905527986198,7.08864127893268,17.137052556922,5.85635766325304,6.37102849828911,6.40588533729849,33.2782657867672,5.85681793114219,2
46,4.36629873311233,4.02406516829794,4.71555414885797,43.4255989491491,4.36920440343496,3.62218093223166,4.37480336209873,4.45085599515842,22.2857988196979,4.365639487961,1
47,5.67989548543301,5.84422486537342,6.4877161885349,6.08538468918597,16.2124200816166,6.03465595954282,6.5728403422624,6.34892090545583,35.1297962421893,5.60414524040575,2
48,5.22710558091877,5.29874521296653,5.40843828939875,5.55165614452606,25.0956529613706,5.21781034395206,5.45873996120682,5.40401766317498,32.1040769096762,5.23375693280923,0
49,5.89062369228175,6.10594146165222,6.76590919137799,6.31672529238805,24.328864411004,5.89577622878956,6.87155397672419,6.34075801747025,25.8329256826145,5.65092204569752,0
50,4.814876661856,5.00095851860471,4.69632018172884,4.83318711123076,33.431715186131,5.03730782070478,4.45096602864883,5.17257269018389,4.55582363672473,28.0062721641865,4
51,4.80993630841481,5.05863598414589,5.63165459683138,5.62844352040445,21.8513166445264,4.78355336015694,5.62354273728443,5.37098963281834,36.1524046701837,5.08952254523369,2
52,5.26375582485832,5.62914117699479,5.82648464102156,6.76841604569657,17.1881226585004,5.3387634912301,6.0137373117156,5.95928910298801,36.5785684076986,5.43372133929607,2
53,5.90814148985504,5.70018829836899,5.93285017906809,6.61864025402488,33.2717024435309,6.12703107233252,6.10098203021124,6.16159387625456,17.996490132171,6.18238022418281,4
54,4.9726847473105,5.18313275913062,5.76219611893386,5.81404231886202,16.0017818520165,4.85063422002868,5.92064541685385,5.37351738422148,40.7531447112214,5.36822047142108,2
55,6.11722988679794,6.45076385210519,7.0695152582078,6.80690844233029,17.1454931537157,6.12826761848458,6.83874273118929,6.22879101710174,31.093038317093,6.12124972297447,0
56,5.03162621512461,5.23314798156456,5.76111165680636,6.26738188937691,13.5469849389959,5.40324114475544,6.50782818017057,5.30353628445944,41.6089296362577,5.33621207248842,2
57,5.45755852047559,5.57282377004891,5.95720514348786,6.09458565995997,14.7698324876281,5.49967371877251,6.23199683661508,6.14175981147867,38.8828629846154,5.39170106691789,2
58,5.87510765468359,5.83161003584596,6.32525821073875,7.97949950011899,19.8607603878344,5.90593348006478,6.35735292693591,6.16772574910871,29.9486308234482,5.74812123122067,0
59,6.81298251609533,6.88827803679668,6.62636004051139,10.2449167188907,19.8775077308141,6.47390304061043,6.87629807293264,7.04054788137972,22.9551524629611,6.20405349900793,0
60,5.75582931672091,5.83504444733685,6.47312751904402,6.58487500824028,22.6011458734816,5.86949468150746,6.31718005924486,5.88244775137525,29.0161408305259,5.66471451252292,0
61,5.16419470986632,5.15286208099631,5.02934816696736,38.5500605294652,6.27494804320537,4.79867440025779,5.30566205184704,4.78035398868597,19.4373146750517,5.50658135365685,1
62,4.58048598952119,4.85941314014394,5.38377572492069,7.49519307606691,18.7709674063056,4.46028642701372,5.32424887607386,5.11332253590096,39.3610426010207,4.65126422303236,2
63,4.85860763291371,5.07857996334046,5.71286792833681,26.1695637619444,8.63368209309351,4.86391642437904,5.57342175057344,5.38252401777598,28.5647767623592,5.16205966528349,3
64,5.60330603446993,5.75897066770722,6.2953449762582,6.42416306632395,23.2284487976919,5.76315233404987,6.39788356521908,6.1499890263318,28.741173006088,5.63756852586003,0
65,7.43899607786625,7.86832999607029,7.37264689996024,8.38507499245963,19.509129609448,7.24132822829277,7.16029539051801,7.44398616833888,20.1539887523526,7.42622388469332,0
66,6.18535088824367,6.01879417207675,6.37184583278282,6.50424742877907,22.6910899586509,6.16978606216587,6.50284230322061,6.81002187781055,26.9664701264004,5.77955134986935,0
67,6.41886202259475,6.6368585713612,6.43969061507059,6.9744595952144,26.2624010726129,6.40805940291882,6.69035596456283,6.51354911978008,21.29662822,6.35913541588447,4
68,6.512094396169,6.54461591247235,6.61287331244129,6.89673379628879,22.2328790347586,6.43935277847831,6.56198102978621,6.88856003473781,25.2907524217832,6.02015728308444,0
69,6.5500419244525,6.56574780229736,6.6474496342001,7.31415186076983,25.2878466950159,6.16082133903031,6.59074816424958,6.09415965183994,22.6088413571039,6.18019157104061,4
70,6.81298251609533,6.88827803679668,6.62636004051139,10.2449167188907,19.8775077308141,6.47390304061043,6.87629807293264,7.04054788137972,22.9551524629611,6.20405349900793,0
71,6.93031577553914,7.05301994981226,6.83685467249434,7.42763052876467,27.1250537222523,6.62717416374361,6.57217872694066,6.81362723529434,18.3284096599034,6.28573556525519,4
72,5.88428673510247,5.90382953292901,5.92850235291673,25.7536924258578,8.52264433857035,5.6139272347586,6.04645306245978,5.80450126408249,24.4896952989345,6.05246775438824,3
73,4.83294506341919,5.76208500926353,5.60315828673615,6.1058812789905,21.1654330058954,5.42972541735235,5.32573621918209,5.74046722788611,34.8048859410162,5.22968255025846,2
74,6.89863524287657,6.74817913407829,6.95343521654072,10.8016501369858,11.1083473587442,6.61053742763971,7.31012157537167,6.86204869178782,30.0533297885675,6.65371542740765,2
75,4.83294506341919,5.76208500926353,5.60315828673615,6.1058812789905,21.1654330058954,5.42972541735235,5.32573621918209,5.74046722788611,34.8048859410162,5.22968255025846,2
76,6.5883108041429,6.65318957337224,6.86487026089158,7.10301678459798,24.6207993793758,6.19852435415323,6.60644157534091,6.4499325475741,22.4524828262814,6.46243189426982,4
77,6.60519658859891,6.53034032567029,6.43267813582266,11.4143841557856,15.4881244932022,6.26118891901066,6.51482292881982,7.11022104241632,27.4399345444671,6.20310886620639,0
78,6.39610976075805,7.03052248096072,6.85519887270362,7.16026247383641,23.9153790654304,6.55791742294637,6.90861044226027,6.94322248794985,22.0948532426442,6.13792375051002,4
79,5.75045182450325,5.46531861590166,5.40610689586465,6.28330689451175,32.1479325643296,5.44549984613931,5.65378682733204,5.8175965541188,22.5745797855902,5.45542019170881,4
80,6.35134863022853,6.50143398742599,6.66154608666153,8.5185479979163,23.4055974263801,6.38268686140028,6.66300687251557,6.66650104458804,22.6978918891539,6.15143920372972,0
81,5.60222167616129,5.38752303618997,5.14773698310581,18.2715134962997,39.195259568656,5.11585085006537,6.42540708022982,4.52689668642205,5.62552480831111,4.70206581455878,4
82,4.25189688938855,2.56944596681053,3.34989676217911,52.3641698017192,2.9739014364167,2.80552434219664,2.76645467119028,2.71848099097631,22.8573155534403,3.34291358568241,1
83,6.53163439410786,6.520677485628,6.71605450320512,7.12898568345312,18.7519071664094,6.26328347671627,6.89713630233628,6.75187519122539,28.053682380469,6.38476341644951,0
84,5.81571539365868,6.40350826688232,5.91991849095098,8.38832976683204,13.8530452774991,5.4373406826593,6.7398181231362,6.29405823430027,35.5988855313099,5.54938023277117,2
85,5.32074720153234,6.38913702842668,6.34793097916295,7.94340308843422,14.0466713834951,5.99879060156269,6.24775873446924,6.72974641207217,35.2447455835619,5.73106898728274,2
86,6.045806001647,6.1244144436831,5.77238997751033,7.94351675850777,15.540054655815,5.48529571254386,6.12903391897092,5.91017512853733,35.6027112010319,5.44660220175286,2
87,5.41705427959743,5.44320167945793,6.24890535855531,8.76040144989266,22.6335229335059,5.59511430989737,6.59899761357055,5.53463420654429,28.1337603312941,5.6344078376844,0
88,6.20133597904437,6.07606825739476,6.46925683793803,10.9485875490663,16.0072674804679,6.05872899999366,6.53987990689,6.25189480062366,29.5566394366675,5.89034075191377,0
89,6.72937967429729,7.01253475803513,7.13930001874918,6.40739899300458,16.9093267469534,6.68393799524093,6.64056746290935,7.25352384160512,28.2728619901762,6.95116851902884,0
90,6.55806966306243,6.2765414725962,6.40058395344988,6.64044666405254,29.0345796170461,6.42711667716557,6.34933980289384,6.44957754113677,19.7352650035375,6.12847960505909,4
91,5.7009620752627,5.77441906591295,5.94400539047353,33.1283075219138,6.59821594808134,5.30161050620484,5.49834592247204,5.51541701986183,20.3228914272065,6.21582512261046,1
92,6.18535088824367,6.01879417207675,6.37184583278282,6.50424742877907,22.6910899586509,6.16978606216587,6.50284230322061,6.81002187781055,26.9664701264004,5.77955134986935,0
93,5.93778470561466,5.79894279049796,6.34366673605532,7.1481975892012,28.708069456038,5.87419876078894,6.38189323431742,6.19809978763944,21.7317749250581,5.87737201478901,4
94,6.2996897801508,6.1543333842741,5.9464539176613,25.4555586422986,16.5849701087594,6.03535507936402,5.96101844269644,6.03231767864376,15.5325580531547,5.99774491299685,3
95,5.30566205184704,5.16419470986632,5.15286208099631,5.02934816696736,38.5500605294652,6.27494804320537,4.79867440025779,4.78035398868597,19.4373146750517,5.50658135365685,4
96,6.56226048832507,5.10235899338941,5.08318665436702,46.5857587533734,5.63379323671378,6.33767593041721,4.98330841051056,4.82009615858018,9.19949291430325,5.69206846002012,1
97,6.11529229563795,6.11007303645479,6.06619560393436,6.86382252599058,26.502564559674,6.06518651637979,6.16159831422422,6.25880472846927,24.1889752728836,5.66748714635144,4
98,5.59021520757014,5.91749238887921,6.06015937624442,6.4126110896936,22.8980118636738,5.55787392860904,6.1286285266774,6.1928897438805,29.5874749469643,5.65464292780755,0
99,5.80038529086169,6.00752246444397,6.88153066427739,6.92210020387335,22.8768072858374,6.14717926268111,6.31368112947971,6.48471534306824,26.0127137341433,6.55336462133386,0
100,6.31601479947591,6.56590741248357,6.68171692521375,6.9435881569415,22.5865922236735,6.26283797727355,6.75705075021492,6.77377955611557,24.7016493392933,6.41086285931445,0
101,4.80993630841481,5.05863598414589,5.63165459683138,5.62844352040445,21.8513166445264,4.78355336015694,5.62354273728443,5.37098963281834,36.1524046701837,5.08952254523369,2
102,5.62675635844676,5.7126858787665,5.92576356184823,8.07846232153418,20.6244888014494,5.74469249646438,6.25641694147048,6.40623293622089,29.9917375937085,5.63276311009066,0
103,6.04037911338032,6.31728633099737,6.35360679719559,6.71817894567554,24.0736597507898,6.15803798268424,6.39508278776754,6.37888245465977,25.6967701582967,5.8681156785531,0
104,5.7000859427746,5.73780385432629,6.33664884880105,7.19628441598877,15.4283573719283,5.85069419991319,5.98798351575503,6.4966976905394,35.2269576082976,6.03848655167569,2
105,5.96510001495813,6.45884030381598,6.43606935403453,7.82941743629757,14.3814777076967,5.76404090058016,6.82035456214276,6.14596912198065,34.4214279650794,5.77730263341408,2
106,5.75580842316354,5.42238549164097,4.61085475544608,27.3856736858511,4.53269399959958,5.11395510733613,6.57767766612113,5.84487244978037,29.386614035623,5.36946438543818,3
107,4.04746502443042,4.99058602484685,5.20736347296946,5.32404092857552,16.1853369189463,4.67355377836949,4.97979421412896,5.26006649510673,44.4793697795112,4.85242336311498,2
108,5.82468926807211,6.03471309082877,6.01693279762946,6.21111411525606,22.7449877385802,5.61736833973676,6.29123418905789,5.89259438795946,29.9430981961696,5.42326787670962,0
109,7.45288875243169,7.0048449774363,7.09491274967151,17.6492157212869,10.7032924126005,6.98298543278431,6.74875449343428,6.529831395569,23.10942352524,6.72385053954547,3
110,4.66834992470008,5.2239684341118,5.23691930716392,8.94456745430216,17.4376206311484,4.44618268851786,5.26716806979305,5.51365351070408,38.2510013069057,5.01056867265294,2
111,4.9726847473105,5.18313275913062,5.76219611893386,5.81404231886202,16.0017818520165,4.85063422002868,5.92064541685385,5.37351738422148,40.7531447112214,5.36822047142108,2
112,5.85163438763165,4.44338828954833,5.98439822117527,39.9734022804441,15.0816766070169,6.12841965269164,5.53599080211645,5.73741352602212,6.00433742533189,5.2593388080217,1
113,6.73615408644294,6.74853753338726,7.10531240487817,9.04011085905774,17.191753137009,6.72060090608984,7.20392440868662,7.20159732611128,25.3120035547986,6.74000578353858,0
114,8.28303728715617,7.52481020621735,7.86426238970676,7.62338763840132,17.6687898630157,7.04171930548682,8.12055913654185,8.19979549663104,19.7386471801582,7.93499149668485,0
115,4.36629873311233,4.02406516829794,4.71555414885797,43.4255989491491,4.36920440343496,3.62218093223166,4.37480336209873,4.45085599515842,22.2857988196979,4.365639487961,1
116,6.26090747602635,6.19482325488591,6.5481935717382,7.66689221019642,21.1824957135759,6.06574395277805,6.35308209549693,6.70020913369468,27.0601370775815,5.96751551402606,0
117,6.052959019159,6.18323066224279,6.35894368576109,6.78450478780544,21.3348634466275,6.04292637169157,6.47054323844555,6.40674824022461,28.4676659826919,5.89761456535049,0
118,4.91997217761811,5.33364759305924,5.4986428127308,6.23040271233956,33.5055395396343,5.07810796084532,5.03354336047623,5.5673580395643,23.8574311009065,4.97535470282565,4
119,5.69816421896692,5.98562246886586,5.84409476074343,25.7398360133329,5.79047596164895,5.36024638617282,6.20956144248178,5.68862590419201,27.6463326957558,6.03704014783956,3
120,6.01890525683652,6.3453743029854,6.1377607545716,8.06162689684695,23.7796894779338,6.14408027156991,6.3837976091222,6.26501925922123,24.5375068000939,6.32623937081854,0
121,5.69665953780288,5.98466086921837,6.00562040345431,6.2847329180817,19.5206823602095,5.71812782860834,6.89148712064695,6.55094015349815,31.6741206296024,5.67296817887748,0
122,6.15696831506076,6.14871108822348,6.12577414552929,6.5147416833978,28.698463523826,6.09874751053154,6.40509923373751,6.56550655472039,21.3494728567977,5.93651508817551,4
123,4.71621578652637,5.07922443874926,5.6238317782498,5.51398755605302,14.5355027877199,4.78776175729159,5.87385574804796,5.48981680231202,43.5007253831934,4.87907796185664,2
124,6.09263413993714,6.39479245869243,6.47630129604421,6.82125500356047,24.0353978549933,6.17570789341575,6.19250573629865,6.54446156720613,25.207284714811,6.05965933504098,0
125,5.80790948461747,5.98156458605293,6.11186049946474,6.33304218632136,23.1772815427945,5.67927700706504,6.15130777156078,6.17743658939196,28.8259444894563,5.75437584327495,0
126,5.04477647977591,5.52799532956099,5.78081700824434,5.71804577912064,17.2227611507122,4.77511024143465,5.91963233630903,5.82285246575995,39.1431041693147,5.04490503976764,2
127,6.10396941382234,6.33603769886527,6.13552413154022,6.69138374248979,19.6725394302527,5.69783391597536,6.52929672801321,6.48084745069986,30.2823017774801,6.0702657108611,0
128,5.90830310048243,5.99201725787223,6.31369612291133,6.45069904976506,23.8534542627872,6.03407428418593,6.39898017382274,6.24286239207611,26.8112118009755,5.99470155512143,0
129,6.32309741707004,6.11785177030953,6.55478447886294,8.2972450135181,17.5583823501719,6.27179704838989,6.63468871654148,6.43463023285511,29.5136318060466,6.29389116623439,0
130,4.13349223947668,3.62710791479451,3.92981202612628,40.4918686197112,7.54843487922548,3.26505108118412,3.69987534103018,3.3800800596449,25.9076149649358,4.01666287387085,1
131,5.85644008242926,5.91447047851004,6.1764864572708,6.88824380801509,19.0502702728508,5.64880289090107,6.23874903870974,6.16827380879564,32.5631008758877,5.49516228662988,0
132,5.27677199954532,5.45313896460232,5.40000299052845,30.1533518222865,8.04486704587539,5.01821523320494,5.36862358849414,5.27504723429697,24.3426393167318,5.66734180443418,3
133,5.24757829003552,5.42108211494125,5.92862117875893,5.64343333400223,20.5189542237273,5.30296549285113,6.42698114045399,5.54675894936163,34.5912192984593,5.37240597740873,2
134,6.39610976075805,7.03052248096072,6.85519887270362,7.16026247383641,23.9153790654304,6.55791742294637,6.90861044226027,6.94322248794985,22.0948532426442,6.13792375051002,4
135,4.92313924161786,5.80465294676542,5.62542962694843,5.49171220589007,21.3270613019495,4.88233631296239,5.31572374000361,5.4237933845442,36.4840741962318,4.72207704308672,2
136,5.44855264914117,5.76581980147926,6.00534450851846,6.90999859437095,17.395442261567,5.48502276514708,6.09449635337384,6.10158496035752,34.8922296988874,5.90150840715724,2
137,5.77972379019026,6.31898271928734,5.99864615768828,6.43296832504095,31.0764924764975,5.78431556254261,6.29456019262931,6.23064989720607,20.2468661843149,5.83679469460273,4
138,6.58704042143508,6.52595682540567,6.57186103466907,6.84310447464448,25.9125295755977,6.23745664506288,5.89304440113264,6.34309366467824,23.2894794753485,5.79643348202567,4
139,5.57577039815164,5.45680745859499,5.87789080866005,6.55460790295356,18.2589732170952,5.34678130529631,5.80918786361232,5.94464934960534,35.8769395593232,5.29839213670748,2
140,5.04168215277326,4.71829826413556,4.72376971704362,31.1268551095848,4.42912029098295,4.40783727131583,5.27304783738003,4.54558263782681,30.8260550103602,4.90775170859696,3
141,6.66844351445145,6.67861045448727,6.94999992139278,9.57561619565998,24.8970227977378,6.4774492052992,6.50743799573245,6.89349158377665,18.8947070250661,6.4572213063964,4
142,5.82725445850182,5.88264699721261,6.27160377490554,6.28329410953843,31.9407553079609,6.17837263490364,5.84463919321058,6.22558247822939,19.5595025861152,5.9863484594219,4
143,6.10957175288038,6.14619388998689,6.35460189129019,7.85420245164465,19.1638381742484,6.14029658458543,6.6507700866468,6.78509607584207,28.6773881919128,6.11804090096236,0
144,5.72977773869943,6.33123431176739,7.37551255206643,20.3921553467692,6.8664227526999,5.58258046085775,6.64723925429773,7.15541847311699,27.8794785629529,6.04018054677226,3
145,6.30156831917349,6.52030112380735,6.59665022331562,9.90008340605826,20.9422775793578,5.87856852517851,6.30647859687119,6.50955815269921,24.5973816448785,6.44713242866003,0
146,6.65246940611222,6.54411876925535,7.02510048431742,6.75809149954799,16.4120391522782,6.5608424886323,7.46725272878623,6.74016815722967,29.71806188259,6.12185543125061,0
147,4.82316444297859,5.95094144928573,5.68967240357887,6.17992575253713,21.3126685054502,5.24042361758192,5.14976339919388,5.49222694217592,35.4575916479412,4.70362183927652,2
148,3.50008767146677,3.62561150039212,4.38854779909199,24.5670060668448,4.72963888250893,3.08186095091893,4.75764059425244,3.99473935000692,43.2221956547326,4.1326715297845,3
149,5.75283190890114,5.07117953039018,5.45459007771687,7.17816678788814,30.4160201724652,5.63373738487382,5.63708960900575,5.57474362822779,24.4391921017994,4.84244879873173,4
150,4.9726847473105,5.18313275913062,5.76219611893386,5.81404231886202,16.0017818520165,4.85063422002868,5.92064541685385,5.37351738422148,40.7531447112214,5.36822047142108,2
151,5.9267966345645,5.85609326819592,5.88427980168879,25.5010594535393,8.71132550734229,5.63556806326566,6.04034537988608,5.82403154839434,24.5862392170346,6.03426112608853,3
152,5.78517794969473,5.29277926535435,6.44844415894687,6.27739187849801,22.926707969895,5.76087810730188,6.17167745548628,5.75880786268217,29.7085115653292,5.86962378681156,0
153,4.81754473977021,5.51233511600197,5.09973474044424,13.4512185755792,13.9547917628232,5.13474630540122,6.28148737306141,5.79860097213456,34.9380869440495,5.01145347073456,2
154,5.76758893560881,5.83844140595057,6.25572892758192,6.86568203777651,18.647373307276,5.62144993893832,6.05103247413457,5.9897525255208,32.9605934759204,6.00235697129213,2
155,4.48228088389426,4.72822193604788,5.07464310134899,5.08536019306191,18.7328502792441,4.67648398091859,5.31879572460783,5.15610553500541,42.0014145741658,4.74384379170526,2
156,6.10717652833443,6.33421614868843,6.34940988293358,7.79066073582132,22.304293223262,6.03981353346681,6.29344073629827,6.46276057423673,26.4730491603843,5.84517947657409,0
157,6.46701914863792,6.97504979087804,6.77403336121718,7.13559654022649,21.560062348138,6.35174889290764,6.83866558831417,6.7055323984972,24.8332950466822,6.3589968845012,0
158,6.16957045170833,6.39803780333351,6.487742716257,6.82200141001769,31.3049077030793,6.0983846554716,6.52516175527019,6.68047240043143,17.5199647557594,5.99375634867158,4
159,6.11087792911841,6.21813151164441,6.07593043085826,6.21371375751509,23.4630595238558,6.04521631043569,6.46362884887043,6.77997702653687,26.8354820447638,5.7939826164012,0
160,6.17419346809547,6.27688162154238,6.72132292788383,7.7023076274491,17.9994425745349,6.30334412860514,6.45609558841444,6.52317740768203,29.801801651749,6.04143300404375,0
161,5.58700567607613,5.42438535508618,5.54895127169278,10.3678666980197,16.5155846168091,5.44149667591935,5.97646904705105,5.76762922151203,33.9499994202769,5.42061201755684,2
162,5.76602414976584,5.85195669492132,6.20077770492554,6.30110741206411,28.5728009148959,5.91609090367202,6.2131398147095,5.85545647865522,23.5779661157477,5.74467981064285,4
163,6.5417099855877,6.90638689421145,6.79392777477576,7.26762780399684,15.3524676432995,6.30834642027473,6.79081367006511,6.6943161093752,30.4771676606193,6.86723603779439,0
164,2.83464034578565,3.47098827510043,3.89029064810087,3.59004792685439,15.1326072430999,3.06133891531907,4.00726273121275,3.66029535560955,57.2168752899003,3.13565326901715,2
165,6.31695832988105,5.94012413531313,6.27772085960194,6.54424023522962,23.7979376856321,5.79286747390022,6.13320268206446,6.20699365765866,27.0090904814559,5.98086445926289,0
166,5.80258125115964,5.98127587133122,6.33524610877142,6.21580329582097,21.9210102869664,5.429446715743,6.11251690955596,6.09082223782178,30.7634760203527,5.34782130247695,0
167,6.3081710641593,6.37899344412221,6.71252039407674,8.15208450732073,20.0181299648582,6.26483015298587,6.93289772239462,6.56809154692505,26.3026408557291,6.36164034742823,0
168,6.52038782645877,6.59058700426389,6.9926584318861,6.96758634001123,21.1208774761724,6.39745754976478,6.89937987726337,6.77814618219113,25.3404284273998,6.39249088458853,0
169,6.02968065191494,6.32317741798985,6.46841649655759,7.10537162523979,16.7780600652567,6.12120424038847,6.91379803353531,6.71700204893673,31.6676155868318,5.87567383334884,0
170,5.94151266886306,6.09921468564239,6.47132009331073,6.43803116700277,24.3589251646827,5.82599559549037,6.9055009686035,6.3882600915101,25.6084181194961,5.96282144539823,0
171,6.26171931929905,6.70439346294279,6.79471510126112,8.85760310689233,12.3983353382269,6.07200465512459,6.94312135772147,6.62269202284895,33.0932672041852,6.25214843149763,2
172,6.20381767082418,6.51735329714226,6.77312555819006,8.05569217074487,17.1368768070763,6.26800807444471,7.0532313087562,6.58183832817365,29.2183512341555,6.19170555049225,0
173,5.09322286352848,5.31216959788206,5.5037217355567,6.4858742965258,18.3258274983136,5.02829003046927,5.72979379279343,5.49208417975247,37.8486612999854,5.18035470519284,2
174,5.8524659066574,6.13688409955394,6.85409345567274,6.4042449145157,23.4116302625687,6.29260881957148,6.72545160040169,6.5333580797468,25.7022659228756,6.08699693843594,0
175,6.07378284032335,6.79960758351425,6.80026661700563,6.9113693566524,30.5680211041386,6.84454577425886,6.66977640088535,6.35581615133956,16.3533170370012,6.62349713488083,4
176,5.69417737665578,5.71100033728274,6.63547997736961,6.77054090637789,27.1565394813396,5.81991932273026,6.3620187225665,6.28008201179491,23.3903615051819,6.1798803587008,4
177,5.90216871581739,5.96907374871047,6.28835453694708,8.68142055145745,13.9865165450247,5.90674664078512,6.29370434959163,5.90035494007684,35.231314792947,5.84034517864229,2
178,5.64959033965655,5.80541325860456,5.83070048487471,6.24191932006567,24.4263568919496,5.70264673888649,5.87396383856326,6.20527579833128,28.976619914005,5.28751341506297,0
179,5.46428808660061,5.45619193634048,6.18764710171882,31.8581474921762,5.82589153397048,5.12391210362932,6.03547485955099,6.07651755971569,22.0549714255654,5.91695790073201,3
180,4.7094848576249,5.22894613000925,5.71818812591339,6.06519929209904,15.2823263825833,4.80417423314893,5.64552557602301,5.55555108197226,42.1668829610997,4.82372135952624,2
181,6.2996897801508,6.1543333842741,5.9464539176613,25.4555586422986,16.5849701087594,6.03535507936402,5.96101844269644,6.03231767864376,15.5325580531547,5.99774491299685,3
182,5.67661791813178,5.95802595780308,6.21455068355503,5.2671803716509,13.5618743216674,5.48943828962785,6.18016973474611,6.20229651556565,39.9858566523694,5.46398955488276,2
183,6.41909259083501,6.48347117599504,6.71599707527886,8.20381816393721,20.8391802549243,6.3749028083664,6.67128440183778,6.71013778593592,25.2274934618706,6.35462228101881,0
184,6.84957941756332,6.45574057905035,6.53267848123947,25.5583158700192,6.54859213146663,5.94725401838712,6.09252064790669,7.61619629077124,22.0914603988982,6.3076621646978,3
185,6.25140005923598,6.47839331138994,6.56548430001368,7.67719948198622,16.8680885853425,5.78672784260085,6.53111124932252,6.42429620357185,31.2937252780802,6.1235736884562,0
186,6.02362375186992,6.00437660272405,6.74208195953185,6.12323364887944,22.4288227095275,6.11867166548141,6.6105873083402,6.7268123983016,27.1722562101721,6.04953374517192,0
187,5.9009586617076,5.90466566158741,6.39881487651188,6.93253923701672,23.7673419067419,5.71634638710227,6.24578666911833,6.26578701296466,26.9755532379343,5.89220634931491,0
188,5.74970996000169,6.04248831117369,5.67094218452665,6.75361282816949,15.2334174133627,6.01099738108467,6.95781986332208,6.18627215802833,35.4528855898195,5.94185431051118,2
189,6.59826157077412,6.5340757671559,6.76980825391182,7.60582116116088,29.1729729806196,6.38202136341581,6.86551692619021,6.57414076178705,17.162481619329,6.33489959565561,4
190,5.93593769601792,6.25436278202767,6.49834090925991,10.5296057349077,14.0954895804902,5.85019944976615,6.64039207039974,5.92203488931794,31.974959315335,6.29867757247775,2
191,5.72322917164719,6.0400125318134,6.1410484943468,6.03256501041165,25.3581693940615,5.87940818242395,5.78879056864719,6.31176063723302,26.9122248589979,5.81279115041738,0
192,6.44184707270744,6.3135306203319,6.22816944265383,7.05595851554743,18.6752304953015,6.23710815198946,6.93893934878823,6.50468377521527,29.2977969020261,6.30673567543881,0
193,6.71475580274352,6.53082770526348,6.80447681794707,6.95454955413501,23.176077562228,6.37270570500136,6.59935869530756,7.06535492541237,23.6535380818672,6.12835515009432,0
194,5.85183283163948,6.14358469712078,6.14242472122852,7.35884969271668,24.6322597529652,5.71670894716062,6.28225469895301,6.4235049180657,25.7364870699041,5.71209267024597,0
195,6.045806001647,6.1244144436831,5.77238997751033,7.94351675850777,15.540054655815,5.48529571254386,6.12903391897092,5.91017512853733,35.6027112010319,5.44660220175286,2
196,5.84977338609836,6.04286601855163,6.23743799395569,6.79037635189855,19.2416591246837,5.80980297243403,6.31500969846868,6.3343125066698,31.6299361295512,5.74882581768837,0
197,4.80620829619989,5.74506670520315,5.53680771360371,7.14479920131233,16.1086069617251,5.03076794025608,6.07797777217449,6.0155300195835,38.4459093646889,5.08832602525293,2
198,6.24685490994359,6.44734812475902,6.80979121307808,7.51321504867321,12.0575732981952,6.61741321995527,7.20404984810069,6.9189718894751,33.3810266749298,6.80375577289005,2
199,6.4816014223465,6.25466570755844,6.72775355058921,6.66888413778911,27.3787898247035,6.30498274338753,6.57233441594183,6.05637187204073,21.2822878036646,6.27232852197857,4
200,3.59593435102651,4.15704430293028,4.36221495897504,9.75531640542541,15.3346376716533,3.62799034054974,4.51633146439303,4.85685039541585,46.0321727869336,3.7615073226972,2
201,5.62963176831182,5.52807947462447,5.62358054042722,9.61177840755563,15.9342925411369,5.34768503651788,6.22348998374182,5.76536122599177,34.8115833538983,5.52451766779414,2
202,5.58700567607613,5.42438535508618,5.54895127169278,10.3678666980197,16.5155846168091,5.44149667591935,5.97646904705105,5.76762922151203,33.9499994202769,5.42061201755684,2
203,5.0433115703853,5.94871400370312,5.67128753736524,5.6331544985368,20.7644048119973,5.08140132456032,5.54065906464294,5.76201540926714,35.7191589729037,4.83589280663812,2
204,6.96101223569864,7.45679181953371,7.6746098194253,7.07902712256184,21.4959704378136,7.46881376952807,7.15533422325067,7.66151982507015,19.9994322332982,7.04748851381983,4
205,5.17516440828625,4.93635698149823,5.72970951840616,5.19298728779459,21.0522776131938,5.14758124564717,5.98078637242999,5.18681764625734,36.4401305101994,5.15818841628702,2
206,6.30075643828984,5.59313516284588,6.06545811626656,8.87465961614416,22.9580666924773,5.78528438974584,5.78868144494493,5.89094161638498,27.1754148913175,5.56760163158303,0
207,3.80748906999229,3.9465198296832,4.39722999042003,4.42439541813941,13.08585805954,3.53962484402012,4.63861845609285,4.81234325681479,53.3085104692119,4.03941060608548,2
208,6.56004323319013,6.06945221312358,6.44877569067335,6.55273721116926,29.0656819161721,6.10717832296642,6.24306034277276,6.08999188389044,20.8694457174346,5.99363346860739,4
209,5.87510765468359,5.83161003584596,6.32525821073875,7.97949950011899,19.8607603878344,5.90593348006478,6.35735292693591,6.16772574910871,29.9486308234482,5.74812123122067,0
210,6.09116066858776,6.45295198124299,6.94407310994123,6.61755736418884,12.9102931939958,6.00842471408898,6.87127320677038,6.01111881620124,36.0019275315375,6.09121941344523,2
211,7.23199745631458,6.83009671249732,6.74937310882925,6.89735274664951,32.5505814455552,6.74652224538009,6.38586614982358,6.49394048409369,13.4244834560456,6.68978619481116,4
212,6.71983296725705,6.61182101054516,6.92156380529174,9.01738348081823,11.7645150239509,6.27622053600279,6.74484586281539,6.78160496323689,32.7303248070869,6.43188754299496,2
213,6.18058960398145,6.24312237486253,6.4104288631745,8.60230263920006,20.3889966252026,5.96511162615642,6.42393540998979,6.47090111839522,27.2038225232212,6.11078921581621,0
214,6.37565477584571,6.77905506182174,6.59135414957181,10.7192659003564,23.3142036896475,5.76400539853506,6.06563194478156,6.64629546132654,21.5011052613807,6.24342835673307,4
215,5.25082561201918,5.33156200902901,5.38663063241527,25.6363413027384,6.58237359610109,4.97722441628333,5.6309209448662,5.18734266793689,30.8018426271473,5.21493619146336,3
216,5.86385775800668,6.11960409218167,6.33147975830104,6.59823950818065,25.1253076232781,6.05479033488948,6.19321513489919,6.32041834259413,25.3943144809195,5.99877296674956,0
217,6.22953819783996,6.34189735856258,6.52716299494545,8.65209776454887,19.9643095887873,6.16808412604342,6.61688012793317,6.55920138283621,26.8439084315778,6.09692002692524,0
218,5.50026593869317,5.61979414465509,5.68280328974079,6.01133041829162,22.019446443239,5.27357775537617,5.98247722174977,5.62565558856722,33.3384126386404,4.94623656104676,0
219,3.3067941090572,2.7102862072566,3.30006758344672,41.0006528528618,4.69674701064054,2.95595306703781,3.58419849606993,3.17293585865648,31.9213662105801,3.35099860439282,1
220,4.90790849285947,6.1071867549952,5.82498525740081,6.20700564686699,24.5201520433332,5.7408396887996,5.31947593205326,6.14801424382364,29.6533837092616,5.57104823060621,0
221,5.1130641898631,5.23771659898505,5.80003372589313,5.37881207925386,20.1580865006284,5.16205345778062,6.29377154370863,5.36512858748602,36.3651439361737,5.12618938022746,2
222,5.47291056878232,6.54646929656539,6.28801611951209,6.26011980103702,24.927028899007,6.13882134336725,6.08697186272987,6.38710931805189,26.1705876421749,5.72196514877223,0
223,5.93164443804721,6.03582370395928,6.37481772842764,6.68721124022352,20.4270796428359,5.92197125465792,6.0756056602623,6.16526167868796,30.6880607296304,5.69252392326778,0
224,6.6165752742561,6.95402845067367,6.39235225156383,6.79922712823675,26.6485256938475,6.86776539953804,6.74868144716775,6.78465353245718,19.7717098687303,6.41648095352892,4
225,5.78301616861609,6.00548020150788,6.51866218117693,7.88443834206988,19.4724518122995,6.00064974407033,6.61354331154148,6.33340803685272,29.2185337524713,6.16981644939391,0
226,4.83294506341919,5.76208500926353,5.60315828673615,6.1058812789905,21.1654330058954,5.42972541735235,5.32573621918209,5.74046722788611,34.8048859410162,5.22968255025846,2
227,4.81286707121891,5.46605145476706,6.03505286799761,5.83135555145308,22.8710914542005,5.45762119826392,5.69552313194442,5.71353070007896,32.813685114769,5.30322145530657,0
